1	0	0
2	0.02	0
3	0.04	0
4	0.06	0
5	0.08	0
6	0.1	0
7	0.1	0.02
8	0.08	0.02
9	0.06	0.02
10	0.04	0.02
11	0.02	0.02
12	0	0.02
13	0	0.04
14	0.02	0.04
15	0.04	0.04
16	0.06	0.04
17	0.08	0.04
18	0.1	0.04
19	0.1	0.06
20	0.08	0.06
21	0.06	0.06
22	0.04	0.06
23	0.02	0.06
24	0	0.06
25	0	0.08
26	0.02	0.08
27	0.04	0.08
28	0.06	0.08
29	0.08	0.08
30	0.1	0.08
31	0.06	0.1
32	0.04	0.1
33	0.02	0.1
34	0	0.1


1	2	12	0
2	11	12	0
2	3	11	0
3	10	11	0
3	4	10	0
4	9	10	0
4	5	9	0
5	8	9	0
5	6	8	0
6	7	8	0
8	7	17	0
7	18	17	0
9	8	16	0
8	17	16	0
10	9	15	0
9	16	15	0
11	10	14	0
10	15	14	0
12	11	13	0
11	14	13	0
13	14	24	0
14	23	24	0
14	15	23	0
15	22	23	0
15	16	22	0
16	21	22	0
16	17	21	0
17	20	21	0
17	18	20	0
18	19	20	0
20	19	29	0
19	30	29	0
21	20	28	0
20	29	28	0
22	21	27	0
21	28	27	0
23	22	26	0
22	27	26	0
24	23	25	0
23	26	25	0
25	26	34	0
26	33	34	0
26	27	33	0
27	32	33	0
27	28	32	0
28	31	32	0


1	0
2	0
3	0
4	0
5	0
6	0
12	0
13	0
24	0
25	0
34	0
28	110
29	110
30	110
31	110

